18
47
42
29
67
76
65
54
98
56
89
84
97
5
59
27
92
68
44
88
20
46
21
24
19
85
47
14
88
21
30
6
56
91
16
23
92
9
26
61
71
83
1
14
24
31
72
44
42
1
79
36
16
42
13
73
31
19
44
96
39
29
78
36
6
69
92
38
72
46
37
23
16
30
56
37
28
58
40
48
80
50
38
91
2
50
38
76
74
79
63
25
33
89
7
0
42
17
46
18
16
36
56
80
29
17
19
14
9
52
0
49
8
75
53
29
65
16
40
4
70
73
74
51
49
5
70
91
18
64
79
66
28
51
5
52
46
2
41
33
78
19
23
38
20
0
13
13
18
89
70
65
81
43
8
20
8
33
39
91
76
98
58
52
63
11
61
3
31
71
2
65
11
93
11
24
54
46
96
0
48
65
37
96
37
12
42
96
93
77
42
10
94
73
91
5
98
32
16
42
4
88
71
27
34
24
50
17
13
77
92
78
40
36
9
47
0
49
10
21
81
5
95
55
3
7
7
68
36
58
18
67
37
59
59
27
40
61
1
10
84
84
81
58
93
65
45
8
68
88
83
89
35
48
37
18
98
56
1
51
25
13
59
40
30
23
38
4
47
16
64
0
81
27
57
77
16
66
43
14
63
93
73
80
76
96
57
35
21
27
73
94
6
28
70
92
67
45
80
23
15
13
47
22
23
63
62
86
73
98
93
65
64
39
12
44
20
83
39
59
7
72
20
31
35
5
80
87
84
91
90
88
7
16
61
92
46
79
91
42
90
76
80
45
30
90
93
83
14
83
79
24
48
88
88
92
15
82
21
41
46
9
11
22
28
33
7
18
1
75
92
49
38
42
23
34
55
27
47
57
22
74
89
4
92
62
71
49
31
9
88
35
99
22
71
30
93
12
9
96
78
88
70
59
43
2
0
57
26
41
27
80
97
77
8
70
38
47
65
12
22
16
75
47
12
10
19
12
23
76
59
55
68
69
56
47
50
25
93
65
50
16
79
78
43
68
9
94
36
86
72
75
61
84
92
19
41
30
89
99
17
63
32
50
3
3
94
18
70
3
47
73
41
85
29
3
27
47
12
44
17
51
22
94
83
73
56
38
3
25
95
64
20
27
17
36
91
85
53
83
39
36
98
27
34
24
84
4
73
82
41
33
33
43
26
63
53
35
78
60
4
91
77
47
3
58
46
39
16
35
84
63
54
8
66
58
85
51
65
93
19
41
79
7
80
41
1
52
91
50
68
1
73
53
53
91
31
30
99
30
38
14
11
58
59
7
30
39
78
92
63
86
78
51
43
92
82
86
38
17
48
94
32
57
87
23
45
13
8
96
16
22
13
46
86
7
33
77
11
64
53
35
58
78
93
34
25
11
99
41
25
71
16
71
35
65
8
63
45
72
9
0
24
5
9
65
50
56
17
6
77
83
78
51
22
94
81
5
65
84
59
2
78
94
8
84
25
12
62
20
55
77
30
26
72
69
90
97
66
10
70
69
12
74
17
64
76
25
65
35
11
91
99
30
21
42
68
27
98
5
27
75
37
96
76
42
36
8
44
46
66
56
13
84
67
47
82
71
95
93
62
5
66
48
93
20
71
86
87
42
29
46
77
62
58
37
87
48
36
0
44
15
70
16
61
29
16
93
17
71
11
47
3
48
23
31
38
69
71
31
21
27
67
46
10
44
10
55
66
87
52
36
32
52
67
58
39
89
85
72
94
1
48
38
90
94
2
41
10
56
38
40
0
40
20
58
0
26
34
75
22
21
19
16
97
6
48
60
87
88
7
5
17
16
35
32
55
52
79
53
53
85
3
27
45
58
56
40
82
55
1
68
62
36
38
45
31
28
86
64
44
59
37
70
42
84
79
82
23
50
81
95
28
37
6
38
74
85
11
58
51
68
7
19
43
46
73
97
71
7
95
82
30
64
41
37
25
34
16
71
29
48
70
35
29
31
55
41
11
9
0
94
9
84
28
96
68
13
44
30
15
82
93
68
54
39
1
93
7
93
39
84
26
17
80
93
33
96
26
21
95
22
40
2
11
67
73
91
2
54
6
63
36
69
39
4
64
38
90
54
86
1
87
13
38
7
95
81
9
99
16
86
91
64
19
73
16
18
17
35
80
41
12
16
15
65
78
26
23
56
68
72
99
55
64
46
4
93
57
0
51
1
12
99
30
6
29
4
90
20
24
29
23
59
66
1
66
77
16
68
39
45
42
79
10
39
30
70
13
94
32
25
84
92
51
98
85
42
61
9
